% Judson James
% MATH 344L 002
% Lab 7

A = [7 3 3 6 6; 9 -6 -7 -8 2; 8 -5 1 6 5; 1 6 -14 -28 -5];
lab_7(A)

rowbasis =

    1.0000         0         0    0.2537    0.6279
         0    1.0000         0   -0.4271    0.0930
         0         0    1.0000    1.8351    0.4419


columnbasis_a =

     1     0     0     1
     0     1     0     2
     0     0     1    -3


columnbasis_b =

     7     3     3
     9    -6    -7
     8    -5     1
     1     6   -14


null_space_dimension =

     2


null_space =

   -0.2537   -0.6279
    0.4271   -0.0930
   -1.8351   -0.4419
    1.0000         0
         0    1.0000


left_null_space_dimension =

     1


left_null_space =

    -1    -2     3     1

diary off
