% Judson James
% MATH 344L 002
% Lab Assignment 1

% Part 1
u = [1 2 3 4];
v = [2 4 4 2];
dot(u,v)

ans =

    30

mydot(u, v)

ans =

    30


% Part 2
MyDiagMatrix(2)

ans =

    11     0
     0    32

MyDiagMatrix(3)

ans =

    11     0     0
     0    32     0
     0     0    53

MyDiagMatrix(4)

ans =

    11     0     0     0
     0    32     0     0
     0     0    53     0
     0     0     0    74

diary off
